{
  "intrinsics": [
    [
      [
        265.6000061035156,
        0.0,
        166.0
      ],
      [
        0.0,
        265.6000061035156,
        162.0
      ],
      [
        0.0,
        0.0,
        1.0
      ]
    ],
    [
      [
        265.6000061035156,
        0.0,
        166.0
      ],
      [
        0.0,
        265.6000061035156,
        162.0
      ],
      [
        0.0,
        0.0,
        1.0
      ]
    ],
    [
      [
        265.6000061035156,
        0.0,
        166.0
      ],
      [
        0.0,
        265.6000061035156,
        162.0
      ],
      [
        0.0,
        0.0,
        1.0
      ]
    ],
    [
      [
        265.6000061035156,
        0.0,
        166.0
      ],
      [
        0.0,
        265.6000061035156,
        162.0
      ],
      [
        0.0,
        0.0,
        1.0
      ]
    ],
    [
      [
        265.6000061035156,
        0.0,
        166.0
      ],
      [
        0.0,
        265.6000061035156,
        162.0
      ],
      [
        0.0,
        0.0,
        1.0
      ]
    ],
    [
      [
        265.6000061035156,
        0.0,
        166.0
      ],
      [
        0.0,
        265.6000061035156,
        162.0
      ],
      [
        0.0,
        0.0,
        1.0
      ]
    ],
    [
      [
        265.6000061035156,
        0.0,
        166.0
      ],
      [
        0.0,
        265.6000061035156,
        162.0
      ],
      [
        0.0,
        0.0,
        1.0
      ]
    ],
    [
      [
        265.6000061035156,
        0.0,
        166.0
      ],
      [
        0.0,
        265.6000061035156,
        162.0
      ],
      [
        0.0,
        0.0,
        1.0
      ]
    ],
    [
      [
        265.6000061035156,
        0.0,
        166.0
      ],
      [
        0.0,
        265.6000061035156,
        162.0
      ],
      [
        0.0,
        0.0,
        1.0
      ]
    ],
    [
      [
        265.6000061035156,
        0.0,
        166.0
      ],
      [
        0.0,
        265.6000061035156,
        162.0
      ],
      [
        0.0,
        0.0,
        1.0
      ]
    ],
    [
      [
        265.6000061035156,
        0.0,
        166.0
      ],
      [
        0.0,
        265.6000061035156,
        162.0
      ],
      [
        0.0,
        0.0,
        1.0
      ]
    ],
    [
      [
        265.6000061035156,
        0.0,
        166.0
      ],
      [
        0.0,
        265.6000061035156,
        162.0
      ],
      [
        0.0,
        0.0,
        1.0
      ]
    ],
    [
      [
        265.6000061035156,
        0.0,
        166.0
      ],
      [
        0.0,
        265.6000061035156,
        162.0
      ],
      [
        0.0,
        0.0,
        1.0
      ]
    ],
    [
      [
        265.6000061035156,
        0.0,
        166.0
      ],
      [
        0.0,
        265.6000061035156,
        162.0
      ],
      [
        0.0,
        0.0,
        1.0
      ]
    ]
  ],
  "extrinsics": [
    [
      [
        0.0,
        -0.4472135954999579,
        0.8944271909999159,
        -0.4472135954999579
      ],
      [
        1.0,
        0.0,
        -0.0,
        -1.0
      ],
      [
        -0.0,
        0.8944271909999159,
        0.4472135954999579,
        -0.22360679774997896
      ],
      [
        0.0,
        0.0,
        0.0,
        1.0
      ]
    ],
    [
      [
        -0.13917310096006544,
        -0.44286134353071716,
        0.8857226870614343,
        -0.24340827914770685
      ],
      [
        0.9902680687415704,
        -0.06224010287722951,
        0.12448020575445902,
        -1.0342088027248915
      ],
      [
        0.0,
        0.8944271909999159,
        0.4472135954999579,
        -0.348087003504438
      ],
      [
        0.0,
        0.0,
        0.0,
        1.0
      ]
    ],
    [
      [
        -0.27563735581699916,
        -0.4298892992569629,
        0.8597785985139258,
        -0.046436117399148547
      ],
      [
        0.9612616959383189,
        -0.12326877294902144,
        0.24653754589804286,
        -1.0133153423967602
      ],
      [
        0.0,
        0.8944271909999159,
        0.4472135954999579,
        -0.4701443436480218
      ],
      [
        0.0,
        0.0,
        0.0,
        1.0
      ]
    ],
    [
      [
        -0.4067366430758002,
        -0.40854994876500206,
        0.8170998975300041,
        0.12919469866316213
      ],
      [
        0.9135454576426009,
        -0.18189815657151168,
        0.36379631314302335,
        -0.9424788141653677
      ],
      [
        0.0,
        0.8944271909999157,
        0.4472135954999579,
        -0.5874031108930022
      ],
      [
        0.0,
        0.0,
        0.0,
        1.0
      ]
    ],
    [
      [
        -0.5299192642332049,
        -0.37925863823900935,
        0.7585172764780186,
        0.27111484344027725
      ],
      [
        0.8480480961564261,
        -0.23698709948242383,
        0.4739741989648476,
        -0.8305886434864752
      ],
      [
        0.0,
        0.8944271909999159,
        0.4472135954999579,
        -0.6975809967148267
      ],
      [
        0.0,
        0.0,
        0.0,
        1.0
      ]
    ],
    [
      [
        -0.6427876096865394,
        -0.34258548972000114,
        0.6851709794400023,
        0.3700280948365149
      ],
      [
        0.766044443118978,
        -0.28746335807074086,
        0.5749267161414816,
        -0.6895095620974487
      ],
      [
        0.0,
        0.8944271909999157,
        0.4472135954999579,
        -0.7985335138914604
      ],
      [
        0.0,
        0.0,
        0.0,
        1.0
      ]
    ],
    [
      [
        -0.7431448254773941,
        -0.299244304328812,
        0.598488608657624,
        0.42039849967086385
      ],
      [
        0.6691306063588582,
        -0.3323444693789342,
        0.6646889387578684,
        -0.5331001650501223
      ],
      [
        0.0,
        0.8944271909999157,
        0.4472135954999579,
        -0.8882957365078473
      ],
      [
        0.0,
        0.0,
        0.0,
        1.0
      ]
    ],
    [
      [
        -0.8290375725550417,
        -0.25007866893921354,
        0.5001573378784271,
        0.4208378709893417
      ],
      [
        0.5591929034707467,
        -0.37075687362689747,
        0.7415137472537949,
        -0.3760821983992019
      ],
      [
        0.0,
        0.8944271909999157,
        0.4472135954999579,
        -0.9651205450037738
      ],
      [
        0.0,
        0.0,
        0.0,
        1.0
      ]
    ],
    [
      [
        -0.8987940462991669,
        -0.19604553671898317,
        0.39209107343796634,
        0.37416440129092465
      ],
      [
        0.43837114678907746,
        -0.4019529170594061,
        0.8039058341188122,
        -0.2328492906509999
      ],
      [
        0.0,
        0.8944271909999157,
        0.4472135954999579,
        -1.0275126318687913
      ],
      [
        0.0,
        0.0,
        0.0,
        1.0
      ]
    ],
    [
      [
        -0.9510565162951536,
        -0.13819660112501056,
        0.27639320225002106,
        0.2871288030510095
      ],
      [
        0.3090169943749475,
        -0.42532540417602,
        0.8506508083520399,
        -0.11630840980107254
      ],
      [
        0.0,
        0.894427190999916,
        0.4472135954999579,
        -1.074257606102019
      ],
      [
        0.0,
        0.0,
        0.0,
        1.0
      ]
    ],
    [
      [
        -0.984807753012208,
        -0.07765782588644345,
        0.1553156517728869,
        0.16983027479143264
      ],
      [
        0.17364817766693041,
        -0.4404194161008241,
        0.8808388322016482,
        -0.0368446501546687
      ],
      [
        0.0,
        0.8944271909999157,
        0.4472135954999579,
        -1.104445629951627
      ],
      [
        0.0,
        0.0,
        0.0,
        1.0
      ]
    ],
    [
      [
        -0.9993908270190958,
        -0.015607529401464433,
        0.031215058802928866,
        0.03486872918685272
      ],
      [
        0.03489949670250108,
        -0.4469411650608863,
        0.8938823301217727,
        -0.0014902393518968493
      ],
      [
        0.0,
        0.894427190999916,
        0.4472135954999579,
        -1.1174891278717518
      ],
      [
        0.0,
        0.0,
        0.0,
        1.0
      ]
    ],
    [
      [
        -0.9945218953682734,
        0.04674654989001263,
        -0.09349309978002525,
        -0.10369976291741004
      ],
      [
        -0.10452846326765357,
        -0.4447637126310785,
        0.8895274252621569,
        -0.013362661787285401
      ],
      [
        0.0,
        0.8944271909999159,
        0.4472135954999579,
        -1.113134223012136
      ],
      [
        0.0,
        0.0,
        0.0,
        1.0
      ]
    ],
    [
      [
        -0.9702957262759965,
        0.10819076076129289,
        -0.21638152152258575,
        -0.2315220534208839
      ],
      [
        -0.24192189559966779,
        -0.4339294404461314,
        0.8678588808922627,
        -0.07141576244645209
      ],
      [
        0.0,
        0.8944271909999157,
        0.4472135954999579,
        -1.0914656786422416
      ],
      [
        0.0,
        0.0,
        0.0,
        1.0
      ]
    ]
  ],
  "angles": [
    0,
    8,
    16,
    24,
    32,
    40,
    48,
    56,
    64,
    72,
    80,
    88,
    96,
    104
  ],
  "wavelengths": [
    400.0,
    405.04,
    410.08,
    415.13,
    420.17,
    425.21,
    430.25,
    435.29,
    440.34,
    445.38,
    450.42,
    455.46,
    460.5,
    465.55,
    470.59,
    475.63,
    480.67,
    485.71,
    490.76,
    495.8,
    500.84,
    505.88,
    510.92,
    515.97,
    521.01,
    526.05,
    531.09,
    536.13,
    541.18,
    546.22,
    551.26,
    556.3,
    561.34,
    566.39,
    571.43,
    576.47,
    581.51,
    586.55,
    591.6,
    596.64,
    601.68,
    606.72,
    611.76,
    616.81,
    621.85,
    626.89,
    631.93,
    636.97,
    642.02,
    647.06,
    652.1,
    657.14,
    662.18,
    667.23,
    672.27,
    677.31,
    682.35,
    687.39,
    692.44,
    697.48,
    702.52,
    707.56,
    712.61,
    717.65,
    722.69,
    727.73,
    732.77,
    737.82,
    742.86,
    747.9,
    752.94,
    757.98,
    763.03,
    768.07,
    773.11,
    778.15,
    783.19,
    788.24,
    793.28,
    798.32,
    803.36,
    808.4,
    813.45,
    818.49,
    823.53,
    828.57,
    833.61,
    838.66,
    843.7,
    848.74,
    853.78,
    858.82,
    863.87,
    868.91,
    873.95,
    878.99,
    884.03,
    889.08,
    894.12,
    899.16,
    904.2,
    909.24,
    914.29,
    919.33,
    924.37,
    929.41,
    934.45,
    939.5,
    944.54,
    949.58,
    954.62,
    959.66,
    964.71,
    969.75,
    974.79,
    979.83,
    984.87,
    989.92,
    994.96,
    1000.0
  ]
}